344067
02506R
786444
868365
180243
88034X
786454
966680
163865
589849
983085
786478
458801
786484
78422T
45815Y
671802
655419
983100
655421
344123
458816
G98255
786514
21036E
014476
87224L
852061
74838J
344159
50239W
001932
03060Q
002539
344185
737407
44041X
G90751
589954
147590
87215Q
589964
688271
114838
884888
753817
901272
753821
025930
42839D
44041U
704683
868524
966837
737464
131271
393415
028907
786650
278749
02408H
278763
27184A
33589B
42232N
786680
131330
023905
852235
180492
019033
196879
131347
46227P
029712
393505
803111
606503
426281
09057G
246064
85512C
131386
69491M
278849
18068E
88025H
15131W
71676T
311643
590175
524651
590188
606592
020813
737679
917916
75000Y
00430P
65530Z
311721
31787P
72705C
39699Z
044204
770491
459200
377280
868818
573913
688605
688609
655844
246244
770539
918005
934390
705015
377339
754182
62472Y
229899
541198
55267J
115223
950810
71940Q
41022Q
74371R
868908
836153
361022
377407
836162
008916
459337
705098
62872H
918096
030411
934488
26861Q
721501
721510
080381
590438
803433
803436
459373
574061
68750T
14023F
901774
590479
361106
064057
038367
53220K
61758V
918183
361129
51476F
81384Z
055918
443073
410306
344775
029161
59540A
22750A
312020
021362
92656X
312024
70289P
541409
081721
787189
344822
45757L
918270
58503Y
082047
967446
885535
026874
22757K
29358M
918322
64120T
918333
885571
541509
443208
093532
246615
492376
492386
69340T
42907P
705385
20482A
06700W
983929
31928N
87868P
459655
019246
983946
016251
410522
148380
426908
426915
132011
754603
656301
49766Q
459698
410550
000973
459721
K7514Y
13173M
902104
705499
705501
902120
05367Q
705514
902124
902128
052769
011630
754688
771074
18975L
025537
69289Z
918542
197648
345109
902169
59562V
197677
984121
820286
029595
590911
984138
09945Q
04963V
984151
984152
410715
361582
885871
345206
52524P
459902
02553T
181396
591003
05548E
492716
115885
459950
492719
984245
656568
31983J
75017X
574670
574672
754900
12613U
754904
754907
361694
077903
78533Y
427241
45881K
12525N
91335G
87910P
820484
771333
984332
197901
022197
640275
019029
460053
165159
738604
066525
460093
247109
90987Q
63645C
68763F
574806
902499
003712
345449
08160Q
263534
460146
656755
31613Q
37184H
492914
640376
345469
42222E
427398
755078
443784
82509Q
853386
019037
263564
853389
097189
90293X
902549
44689E
853403
132514
755111
G6376N
361897
30241L
853420
026089
42907T
55352M
902646
36971Y
296443
640517
132618
886291
75942Q
132632
902681
755236
362022
591400
755246
460335
460337
247357
63623G
247361
004401
098588
755276
902737
493138
755281
886355
542290
87111Z
738905
951901
89646Y
902760
542312
42279Q
624246
378487
87872Q
12561E
89365P
149123
378507
83238Q
657037
36159T
002824
44907V
460465
59563R
053611
313035
984779
59513V
35146A
493267
919260
444128
575207
591591
526057
542446
902900
771833
591610
902910
411391
313091
902917
640773
444165
16189A
81013T
526107
902941
591647
313135
657199
657201
395058
902973
055921
558909
591680
296772
037931
902982
460615
591689
853836
591695
362320
92512L
460627
231260
690020
69069B
37246N
362360
099724
17321Q
89149T
640903
690057
N08044
460690
045243
640921
093546
903070
68211J
444322
624547
493482
640938
133034
493489
004347
45324Q
804795
690111
493503
690113
542662
542671
032839
024456
690132
624598
313309
411614
411628
739323
149507
133131
706583
903192
280599
016557
42723H
83683X
38061Q
46204T
591918
624687
772150
641081
378937
149564
44040R
149567
297025
903236
559177
92345Z
460886
641111
919640
33761N
641114
460892
739422
559200
247916
559214
006516
559222
903290
641149
460930
79840A
116881
76235P
755895
67488C
29379K
100548
641221
903366
91359L
444613
641219
428236
264399
641238
75214P
032162
P8797T
264411
903387
28139B
028868
81517R
21215T
45665E
000885
34354P
919794
12476P
854272
608513
608514
29356V
624903
016905
461074
40642Y
690466
379176
29877A
706867
93372H
59000X
09066N
55909Y
23320K
81928E
543057
461137
461142
313693
919904
919906
45810P
88033G
870775
28659M
71940P
090763
559492
641423
25432H
461202
461203
461204
739732
74112U
090817
23341F
985509
029362
21220B
59517M
05538A
444859
60462E
379335
608712
739793
395733
379352
379355
723429
281067
88262A
31945X
870903
047620
723449
920062
805375
92960A
723462
756231
92829T
756240
887315
707091
756268
494125
756269
45669P
30242X
739909
062401
723544
086548
12686C
608868
232038
29425G
029177
90336X
445069
477838
608910
576152
363174
903849
31430F
45662S
29295L
072723
559809
018593
26000L
24240V
854727
346824
756422
903886
G7771K
055442
625367
723672
45764L
903898
23284Y
527069
53224H
723686
903912
985837
67019H
05376A
609022
089160
101122
101137
101143
625432
16961F
39943E
494368
625440
05682Q
117547
25432E
658221
985902
887598
030096
039872
29469Q
658238
674623
904000
91979P
05309N
920393
46145M
39135P
90991K
740187
740189
166751
756577
025893
00853T
22161G
822135
789374
073309
854923
87951U
199567
527251
45953J
248725
300182
117661
062896
030954
92918F
494521
45812C
478160
69511Y
78571U
805844
494550
21148C
756701
756702
855009
871399
166888
740329
773102
95041A
006848
855030
674812
379905
379907
953348
76129C
805898
592907
75086K
445467
461858
855083
88178P
38163J
789585
76242T
871508
001073
314463
51828L
87200F
65405W
871521
380002
740459
47972P
013904
97411Q
724081
740466
855156
543859
806011
002553
871551
029899
000950
773259
740506
55363H
953504
740512
01648A
740522
33761R
03027X
560310
871607
560311
658616
045651
029861
33743H
74058F
560321
55262R
70580A
593098
871629
013104
42235W
037933
658649
560350
37047F
087509
740584
55267B
95046C
380163
757005
33623V
14149Y
000794
707874
089537
576819
150837
150838
58456B
347461
69508Q
98155G
232808
232809
07181Q
822635
17885Q
232815
232820
232824
78532E
904571
58461C
576901
45774D
789895
008140
150921
150918
22539N
45812Q
871824
87670H
871829
150937
200090
167339
871853
74763L
62953K
871872
232902
888266
232907
74726G
19623Z
888289
63506Q
45814M
871914
396781
888303
232949
560633
62835W
708094
045919
76657T
806407
80687K
806416
904724
065620
740900
079860
413223
740904
216624
011311
97413E
92552T
577081
364091
904763
708160
904784
17275R
35968M
691808
904801
31614P
21238C
200300
151155
626296
02342T
855677
151167
888448
708225
75290L
429711
790161
54405Q
151186
511637
69663Z
413345
060716
265903
91273H
068512
446150
560840
233161
22829Q
904911
249555
282330
823005
39525A
872169
560875
45244B
560878
233202
872180
47686L
216831
55742C
92656M
151313
790289
12490K
001575
00202M
055914
298795
872241
298801
200519
249673
249678
872275
055622
855905
83474N
233321
266093
233326
233331
659317
954235
249726
724870
888711
757642
675724
888722
69338P
675746
479142
00748M
413619
064446
610242
006887
63934Q
282577
167889
66987V
888791
45950M
495582
380894
659424
806882
006867
872423
87969R
59832F
872445
282636
019222
872469
315414
38172C
29025Z
03820F
35963H
741437
888896
741444
381000
45845D
087750
02364J
87984Z
561232
02316A
072443
88889P
299096
266332
266334
50569Z
708720
364657
790654
90328Q
741504
479368
594060
872594
62471C
594079
463012
09535M
872616
741548
872623
46284P
184502
039780
37934G
741563
905403
577729
741570
577730
872649
774347
299211
299212
38740H
00970L
22003R
119003
512222
381151
012046
577778
479477
413947
89829J
91736A
282879
M01770
889100
099257
36221Q
45844C
69303H
48708C
905530
397627
26816Q
89674L
315712
790849
05266E
151883
35242A
98388R
577875
052907
58458C
92838N
233829
266604
14018K
905581
023436
676220
577917
62913E
233860
45767U
676247
872857
201119
097023
922022
872876
29337T
233902
201143
83355V
14441E
03748R
954828
12516J
872933
823781
31738T
922091
872941
G3921A
102904
03838W
39817F
038918
08372L
74264T
034551
92224R
741914
741917
741920
496162
447011
528933
80860Z
75878J
873027
98982Q
04543L
88582T
85915P
234068
41753P
67105X
103025
987767
87924V
79604V
103043
594563
381575
922248
922247
025143
004626
N3537K
32018Q
217775
024073
86627E
922294
86172J
381633
19238M
92023F
250571
74924J
709342
398048
B5628B
709352
00803Y
185070
299761
76125J
066157
463606
152312
103168
83087Q
40440H
48296F
81721A
20449P
152342
87986A
430873
578330
725786
59540G
152357
512807
152362
643890
168755
168757
053469
938815
480074
267084
250703
45766A
00949T
906072
23330X
62454V
152413
90331P
26820Q
349031
414570
365420
398189
19100C
046265
69523G
758657
59413K
725906
594836
67574M
038917
644001
545700
316326
84771L
201647
86768A
693180
33610H
840649
480206
250837
693206
594903
45813K
15677T
709598
758754
594918
922602
053547
26771C
03638X
594930
218103
87229N
23251P
594939
03673J
709631
594944
709637
103430
594950
824348
283677
709668
007383
283695
026494
23753E
55267Q
45323G
97580C
052768
693320
119882
81123V
595019
03876L
86809E
808043
119916
05329E
693366
595067
36236E
316549
92656G
00760H
758924
74955J
88830M
758932
048903
758935
758934
58428Y
349337
758938
758940
709789
709788
75885L
00127Q
758944
529565
40424G
890030
74930N
431284
136375
595127
693434
15116N
922814
31986R
595137
775371
431313
58935D
300248
546011
857307
693470
824543
027258
693475
120035
67129J
775416
431353
693499
890110
54933Q
45323T
283905
496902
496904
78026Q
709903
709909
91018H
398629
218412
23226A
120114
906548
939322
742718
939339
15146R
611662
33761C
084670
693604
316773
906597
693608
349546
906611
693622
09066T
031144
00943A
002538
218514
098586
25419A
29446R
12525V
218525
497059
693674
98969M
382388
23335A
86709F
93369N
857549
37936X
431576
546268
45765F
284131
677347
529893
06605R
726503
595433
529898
579057
349687
80658T
054615
726529
742925
009293
742939
68556E
46640K
742947
546347
218675
398901
710198
36502Q
218695
431692
923214
824911
056771
35671R
08860E
82620S
300657
579188
025816
300665
759421
02789Z
874121
349841
169617
61980K
759451
775835
349851
759453
808606
595620
87161C
743080
710313
251566
693934
38378M
939696
808626
045371
65440K
595647
743112
825039
464592
595673
628452
759527
45816H
988910
05544W
086585
759543
530174
530175
284420
268039
694026
096650
45813N
218903
045487
956188
694045
284447
923429
923436
481070
628530
86768H
857914
481088
62823P
628546
026609
34545P
186202
013902
90919P
90329M
825190
300903
759656
300904
268138
202604
759661
759671
153469
759683
59796Y
579468
825229
989070
077902
G3788V
251799
251801
120738
57772J
268215
858045
56136X
317389
595920
694232
743396
019754
743410
464888
628729
464890
284679
025762
03819T
25057H
989207
066365
58440J
170021
366630
628778
858154
007093
83080P
45812M
825390
170032
825396
743479
170040
694330
040790
02608W
399433
694351
92846E
989270
87924H
399449
83174G
29089K
989286
628848
55378Z
69513A
759924
415864
759929
628858
399481
104580
776338
317588
202904
268446
59266R
628900
989349
268457
628907
42233W
153776
20436Q
628925
710847
874687
350401
137409
235713
350404
05576M
45245V
89290M
91119N
628943
809172
41163G
219350
776407
317660
743663
84760T
170228
743674
22048W
268539
301309
252165
01852J
317706
612622
792848
891160
792860
170268
530718
58501T
235811
74377P
989484
776493
89652L
20452F
743743
989513
235851
53078C
350543
989524
15114R
973149
629089
268648
072510
465266
86045V
809340
20450K
317823
629121
37253R
235906
065908
825732
85568V
711050
629132
033037
25385P
29361Q
629140
186780
14743R
858534
809386
743859
023840
448947
743862
64116M
743866
416194
645572
629189
56122N
399817
05968P
399820
03838X
317903
580047
078107
37449A
008015
776670
35728H
694755
317928
317930
711147
629230
26633L
36965V
383486
760322
989701
7A2655
74045V
989705
74342C
301586
924180
694806
252446
252447
34956W
004930
69073F
031536
252456
907818
92552R
066120
000937
907834
383550
514628
875080
580169
62910N
45766K
252499
531041
891490
973411
023912
891494
694890
268911
629360
268913
203378
891508
203388
989822
989824
50050N
268939
694926
68389X
694935
20474V
007973
350872
989852
067383
629410
09590K
50157K
00125X
989867
096612
76026W
449202
629427
760516
20557T
924359
06652B
449223
236235
018885
432848
285397
449246
957150
055239
219888
30959A
416515
51466N
318216
482060
449294
269070
858903
03832F
908068
67615J
65249Q
252714
98412V
826166
826170
21922D
629568
170819
695110
285512
695114
252747
203599
580432
81717Q
531281
58404K
564054
105303
269145
744284
727900
351070
01204C
744287
727903
514913
269157
875370
90388N
301932
69138X
203630
138098
220022
875382
086582
74110N
220033
760719
203666
809877
043413
63695C
252826
465823
51806D
12721R
00253A
220072
252842
045920
054937
760758
269242
269246
465855
105409
482245
78464M
20452C
269262
826322
449491
367574
59456K
662488
367580
86269T
285666
302052
269288
515050
744448
646144
74462D
65440D
367626
302092
64121K
41027P
859152
269329
515096
18726L
826409
449583
74730W
302131
728117
826425
Y1775U
318522
842811
744516
859205
74464W
941132
629853
760930
957541
449654
203902
203903
466046
400515
449669
04362X
93944X
859281
053487
351383
027448
02686Y
744603
744605
122014
73755L
826527
154785
122016
744609
744611
744613
744615
744616
744617
761004
744620
482480
98370L
187571
859317
171188
068480
171196
859326
826559
859331
269513
05873J
367833
171232
13322Q
05366T
007921
957674
957683
531707
G56462
433413
000782
826631
44700Q
71534B
957710
908573
53606F
302367
466210
302371
302374
30295C
38162K
449842
466230
466232
826680
826681
482620
302398
449854
09057C
220493
29409W
98009V
957781
74342H
302426
908640
030151
400740
892261
055865
761194
761195
482667
761197
662900
482689
20854R
449923
62543V
67117T
055283
449927
204171
761230
72764T
02566Y
875919
00950K
053555
302491
859547
482727
025236
482734
892335
155055
318900
122295
302520
302519
001030
318906
892349
318910
318912
351681
318915
744901
220613
351688
564682
92929Q
302543
89620J
286164
09056A
466392
302551
499163
531932
286172
941547
000915
794099
433658
761339
09249K
023161
03968E
099843
26063V
482845
04822C
826912
039101
876067
039229
302633
29978F
450091
155184
026351
01849P
11244M
204386
037564
204390
843367
908903
46586M
712300
85915R
384632
925311
925320
29158K
36491F
00755C
97789J
827056
843444
761525
86768K
827066
827079
N9643A
204493
055763
597711
089324
843485
532192
86768F
89151A
40503M
26959B
28369Y
417528
45254R
87613X
876287
171779
38105N
696077
00724F
171794
03634M
319258
000872
401192
05208A
319279
761648
23252E
548661
319286
319287
843576
016900
319289
253754
302905
57777G
843584
171842
302920
302921
032160
761680
221010
761683
925524
040474
925529
368473
008677
171870
761695
565097
745332
319356
450430
712574
417662
33763V
204672
368514
009058
204679
204680
253835
07358C
909208
44043K
679833
368538
027397
909214
253856
G0070K
909218
253859
761763
00169Z
155560
581557
303031
37147H
71921H
36157L
335811
16151W
532430
319439
892887
253914
319455
253922
401380
21928A
270315
204780
44914Q
270322
892916
002067
270334
44912W
019589
729093
712713
40377J
032161
204828
417826
548900
368682
729132
85572H
696368
7A0571
221234
696370
30067V
032345
23249P
335939
368710
139339
04962P
74437C
680033
319588
319589
237669
319591
018606
048825
696429
204912
450672
254067
29264K
237688
90279Y
598148
76110W
32020L
30262C
450712
450713
05366B
12656K
450731
12660F
336049
352433
16115Q
96518L
86562T
663749
680138
21004C
319697
925909
434390
14066P
78402C
549089
31818Q
385269
319741
844030
237823
418056
16161A
54563A
319764
532763
081465
401698
319779
237863
532776
77119M
532791
418106
237891
729416
85568E
73739N
237903
319825
254290
237905
827740
237916
450911
123231
450912
237923
237924
91377M
075887
631158
958845
696705
205195
942486
139674
319900
893341
205213
52408E
336294
022615
221606
434602
745907
30242K
172470
287161
172474
745913
23329J
926144
238017
90330X
032343
13972R
059438
319963
M87482
319967
39701A
038399
893414
500200
385519
319983
205300
811511
071813
909823
107015
60306H
50082E
98141A
83437H
975377
25429Q
172564
336409
778786
172585
959024
205363
19375W
107061
762426
15101Q
87160F
320076
005081
303698
909907
139859
909910
549463
45255W
909914
942683
072700
19039M
959080
189054
238208
139905
072531
81218Q
023135
20589T
31646Q
778903
26868R
25063E
860832
46111V
90842A
49337W
893617
254642
369332
762553
172736
320195
04925X
762565
697033
238282
320210
434902
500440
31867L
320221
254687
320226
320227
746217
03027H
500467
320245
500472
238330
746236
02277X
238341
500485
68163W
89686M
94106L
030290
893719
N6748L
811804
303901
007655
001061
566057
76951B
74036T
582445
027425
19627K
746299
172862
205638
664397
205648
893779
893782
156503
49308N
172894
172895
205665
172899
172908
172909
156526
910197
029163
00860H
746371
098904
172936
20827Z
369550
34957V
893855
3A0263
172967
15883W
12494C
844730
40252G
910272
959425
369604
03771C
369622
844769
320484
173029
369639
812007
549866
910315
173034
549870
926707
27627T
910331
04340M
238588
001725
10467P
44042H
893953
926721
63648P
336906
156683
336907
549901
336909
38141T
910365
189470
189472
926754
320548
500773
713766
205862
24379P
03462H
92552U
59479P
205918
844895
648290
304231
173160
795757
517235
173172
894069
386174
31945A
046008
386176
02882K
320656
140432
69374Q
222361
894120
140459
88553X
320691
059685
926913
22889K
156879
60036M
943317
894167
894172
000892
320744
11679Y
894190
910581
061622
451841
910603
054350
065068
714005
320795
12561L
080555
320806
20527H
697642
746798
29266M
402734
501044
098523
714041
501050
599358
828735
861502
124234
927051
714063
730448
02145K
019025
320859
320862
550242
320867
812387
89589P
87951V
42219W
615785
140649
00431L
45837J
83404P
746877
12044W
550274
828805
320902
44922Q
959880
796050
861589
370073
501148
746909
91730P
42220R
763302
78387G
681385
320938
45839N
320941
320947
98413F
370120
337358
714197
501206
052774
550368
077447
20364Q
03083F
943614
337410
026522
001936
976396
763408
05546F
468502
54144Y
00077R
039794
239133
007631
517668
517669
45788P
714276
583204
25822C
025562
056180
435758
75409P
81760N
861747
910909
337477
697926
501321
878153
878155
45245K
894545
87848Z
419411
001007
501335
337498
037857
78477V
222816
337505
140909
45812K
12521E
140918
49307Z
730749
04939E
15850B
665220
370307
976523
976524
43740G
022249
62938H
550553
91072Y
60671F
16361L
74342P
16351W
222906
17306A
55268B
23320P
071593
108228
599751
632525
337613
861903
40421P
452308
452317
53163C
40636V
747236
29356M
747251
44949M
698106
878331
17253C
37255F
94973G
583432
632587
45244X
485134
878351
976657
517906
40402W
894745
829213
501566
239423
583492
037937
21922V
337738
16861W
190297
599902
124778
14067G
206710
124795
452475
124800
960386
370563
731014
016480
960402
85786Q
90449I
862099
46624M
616347
78427E
03677A
436132
57395Y
81572I
26150J
436141
452526
124845
681904
845743
452528
206770
03070X
124853
124852
452540
698301
681919
124867
911300
124868
98155K
090585
124875
95752F
124883
501718
74252A
878555
67052T
067512
124899
124900
03070N
92719B
337903
681969
337907
681973
337912
337915
077410
36229H
124927
190465
403458
911363
124936
124939
039230
46145I
436255
05518L
68212D
64352U
747565
370737
501813
206901
501820
501825
747586
108611
927812
927814
51802R
65333B
845905
00723K
035745
31544J
452704
00750D
25786M
40440N
338032
038225
682107
75913U
85589W
03070M
239753
24662Z
44980K
65250L
370838
501917
125085
125086
878755
944291
141477
207014
190633
927914
665772
649389
088734
436419
125141
665815
436440
534744
452835
436451
077853
551146
11766N
436464
12613P
485624
583928
125197
29728C
125201
92047K
74137R
911646
058731
14171R
207142
452913
452921
895290
420155
682303
911684
371013
29264J
584007
49014X
354635
055300
895307
567634
015869
174420
584020
600404
63680K
141665
780641
502115
53184P
141672
44918P
53758A
43738E
731513
584059
747906
04626F
485762
584067
141702
046487
141704
502158
019512
502161
23423G
584105
75967V
190893
48822Q
682419
007586
190907
403908
174533
403910
009525
04962G
403912
83352C
911819
05336P
038196
829905
518615
862683
911843
879075
420323
024703
731632
47613L
846329
87941V
51206P
028913
715271
682505
698891
715275
174614
223767
46145F
911910
19259L
928298
42221E
07361X
27637F
87926F
698940
125509
879176
256592
141906
056543
84748Q
83402N
125539
879205
66986Q
830059
780909
09767E
649840
289393
453235
98412X
780921
49446R
029351
88320Q
404100
109190
37962W
928393
764556
731791
26941P
502424
731805
17159L
404132
58515J
86605U
053015
436919
436925
469696
502465
813767
436936
486093
207567
404177
912084
404181
961243
125662
486112
879335
20449H
699116
013817
928503
31769P
305914
305916
453377
034454
125708
29483Y
14159K
55068R
584472
928538
86787K
158496
453407
781088
699173
453414
224044
01446T
928561
486194
125750
057224
404280
437052
748354
46612J
748357
224071
895814
404297
879433
89353B
895818
065118
00204C
682838
748376
895835
91831Y
50376J
469858
437091
224100
017411
928615
879463
74460D
30249L
142209
584578
92931B
088891
306075
879516
404382
895906
64927A
64120U
863155
895927
895930
086063
20854N
125887
125891
420804
912325
125902
36149F
23332K
814044
781278
617439
207840
338915
617446
61559L
58934M
584686
601073
125946
584699
09356C
055407
41746H
142339
257027
404504
05635V
019042
715812
00192N
830506
781355
896047
879664
715825
814133
437305
814137
814141
030102
85569J
699462
08353F
76167F
814160
879698
879700
863318
928856
519256
46047F
928869
437351
257128
306279
67084J
086338
45756Z
437390
224399
371855
20716W
89336Q
339099
53837N
879788
126126
030406
017475
666807
486587
06646L
158910
03234A
158915
814279
371912
404681
584906
371913
584907
001963
486605
082484
584911
961749
896215
62475Q
50047R
126172
371931
912605
748767
453858
961767
208108
584941
716016
006754
584950
879868
23322J
584958
584960
64311B
748802
978179
584968
584970
929042
049905
42283H
961815
06508N
90362W
896287
339243
54143L
052661
75461E
879931
978237
126270
912707
126276
31162Q
038213
470349
126288
126289
470355
830808
585055
001957
004929
830821
437608
05505M
683372
437614
683374
847220
05873C
585081
126335
929160
830859
191886
33715M
69361E
71940F
33763T
470457
257470
830914
036389
126408
585162
585165
683474
110039
339423
929248
126435
929253
71366Q
208368
355824
749058
72220E
09855M
896522
929297
142872
929305
405018
929309
40436F
126501
929317
126504
05329H
022610
929323
20050C
716335
847409
929330
001926
92856P
749121
126529
44962V
018871
388678
290375
013068
290382
208464
126545
208469
716378
208482
437859
437862
025389
913004
023517
007548
585332
71358Q
913017
437881
20038K
536192
94974Q
126600
863902
847521
208547
50730K
20482G
552618
552620
896686
042735
126640
552623
126650
159422
306883
683716
716485
05459C
880323
23292Z
913100
049560
896726
749270
97063A
683737
372442
552673
552674
405219
765670
470760
847598
552687
53636Q
896757
02476F
913155
864003
29064M
76100Y
913174
013289
50730L
585509
913190
031897
683815
095383
03664P
45985A
749361
38411P
683829
01859P
716600
749371
667454
35168F
95709H
683848
110411
039381
847706
19827F
74838E
45868P
00207N
913253
39755Q
307054
007942
913267
913275
126844
913283
126859
14916F
782233
716723
651192
192441
847807
65332V
00086L
126920
225224
913353
618447
552914
50000J
54749Q
552925
192478
716768
192481
19818Q
929771
749553
552953
290820
87307Q
454676
45766H
421915
290843
684065
421924
04582A
05562G
536619
421935
48577P
454707
454708
29476L
192567
421949
421959
77957X
421963
59522K
44923B
749650
421970
14326V
75969X
553051
864348
290923
290925
88708P
290927
58508H
20365P
127095
41756Z
36237G
36225V
553087
880770
143490
00755P
143497
716941
585871
050839
667794
073678
55058C
749721
037389
58375X
20449F
372917
602299
291005
47758I
291011
831686
020454
831690
12499P
127190
209115
004616
16139W
037917
438506
74199E
700658
438516
700666
11041X
291087
042256
880915
52729M
717081
78499Y
72142Y
422178
422182
717100
717101
090651
897332
717113
651578
422203
05564E
422206
422209
063854
717123
717124
717135
717137
03071P
09067K
028910
356714
881005
651637
651639
864635
89351V
504195
031162
023160
127382
50540E
07262L
051042
127387
487836
111021
635313
96121E
569790
032103
74462C
651718
717265
05071H
81949M
59780E
913900
750069
084710
055816
003743
007952
143874
58226V
635405
537101
586265
090587
176672
55902R
553517
307759
848432
258609
55272T
373298
97841M
635449
51808N
602683
258624
520786
57059T
701018
023426
55261R
43739N
039914
03070L
15640T
36225X
097937
53607J
88563C
111239
02744L
340632
701081
14417P
258715
815779
20009P
25509X
406216
963278
668367
209615
111310
111319
258777
90339C
90338N
717537
60400P
05942K
897783
52728R
038222
59501B
291586
422660
389893
144141
030956
865041
127762
83398J
066704
33763B
226091
001693
553777
897844
865077
92923J
291641
91288C
50076E
05069E
865091
619335
422730
65332C
90782Z
832378
635771
832388
373636
422799
70959R
16139F
54140E
635812
340902
357288
488360
881584
783286
537528
25354Y
766907
373691
619454
652228
20233M
881609
488396
111572
881624
668632
81425K
85256Y
74157E
422893
026759
71931A
10012M
033036
111628
406545
42198Q
193559
685080
128026
848922
848925
881694
848927
40429R
58461Q
242733
38140V
570414
750642
816196
570437
554053
03060F
603211
619600
717906
01653Q
008190
027339
373865
58400M
17049C
275572
341109
898168
783483
98155F
160903
82640P
67388X
455830
032153
750753
570535
750759
767147
390318
750766
03069V
37430A
59522J
718009
570559
570565
652487
034528
76204N
652495
03216N
652503
019220
002033
455912
60934T
46614B
472317
88512V
849176
75606T
636192
25063N
636195
88849E
865580
898349
010742
472368
472370
210226
800052
865593
292162
472387
423236
74266K
83169K
275799
423264
30242P
161133
587118
193901
636274
423282
390516
931192
087830
619903
75966X
161157
931210
783755
112014
783759
20564D
832914
032165
636317
423328
538021
636332
25467Y
587188
018805
587200
161223
161225
58977Q
800217
066229
898528
05564D
02553G
505336
374265
685568
849416
505353
33738R
783880
58915A
226826
59478P
00206J
022092
620066
18975N
800296
112169
898602
620076
92855M
038760
016090
29051N
60783C
12551L
276039
505415
32065A
587342
210520
898652
898658
751203
800363
767597
652914
31846N
74986Y
35906P
358010
685691
767612
98718X
521865
23243C
358033
194194
358042
784027
784030
521893
043628
017415
177835
059165
702127
702128
947890
17401A
21238F
947900
37936V
05537W
669380
023115
374478
69341L
489170
816851
N62648
866005
784082
866008
038373
33938E
374503
374508
42550Z
423666
669431
243458
784132
751366
866056
767754
02364E
587533
05576J
007948
522000
36465L
538388
522006
522008
866078
522016
210723
001907
784166
227111
59825H
04541W
784174
276269
882491
88633U
19770F
40636P
55262C
03361Q
161610
685899
882508
01747F
78409E
915289
522075
964452
685924
210795
784238
505727
784255
292740
292744
505739
784273
276369
980883
43739A
784278
40553N
456607
00754R
784305
456626
090659
066050
833482
161739
604110
84344H
18947B
51806K
899035
505820
227297
88553V
374758
374762
391153
260086
636919
12685T
42221L
50196Y
178180
74147T
686091
008188
653329
768020
784406
358430
833582
669752
292925
718910
90941T
931904
718919
456779
718924
718925
440400
571474
440406
054681
718934
292956
70931Q
36963Y
19249J
440448
456834
076446
800907
56845J
49899H
71361C
10421F
456866
023162
391334
719015
817320
817322
45167P
17781C
817338
686268
21075V
784585
456921
882906
97551P
637152
833777
784626
801018
784635
375048
211213
194830
391442
00071X
36464P
92259J
637229
00206X
817471
43645B
86149C
637250
029195
145744
571728
90336R
26884F
036916
784741
866670
866674
66476P
817539
27033E
178566
981382
604567
637340
072012
866719
817567
23331A
67052E
637353
02364L
932270
14068N
801209
571834
129466
358846
260543
87971Q
74356K
817615
75634W
801233
653777
055652
03966P
45336L
391648
244194
834020
21887F
834028
49411Y
145903
817648
834032
34659Q
88562H
866810
637434
571900
653818
00195B
883203
31946M
735755
80105E
784922
65189Y
981538
083739
42980W
834092
719405
05977A
129598
866881
440914
65818A
12232C
866910
801378
653929
899690
020002
92923N
86461C
866933
834182
92208M
58503X
46070J
016628
41162Q
49460W
588438
88333Z
359065
31734L
211615
817830
293552
277173
883383
883384
293561
211642
293562
4F8247
060491
37245B
637640
867017
45678M
211663
89418D
359122
91158C
637657
00130H
20624R
043491
883435
05455Y
16454X
22207K
027446
817916
90329B
867071
457472
785152
375558
867079
686857
277270
277276
08413M
883492
21745K
981809
899900
457538
020837
293711
916303
85755F
50179Z
43709N
56614A
883556
129894
883559
129897
146285
129904
129905
023657
703352
703353
80408A
883589
059784
883598
834447
883602
69830E
71921R
35181D
539553
195493
293797
31410H
883624
293805
M9888A
82481R
687027
703414
244662
91240V
457659
98159P
457667
04040A
670664
883656
883660
73400P
883666
375766
10054Q
79549B
40785W
572393
007903
53606H
23857E
162809
867323
57772X
228359
162825
605203
55267R
36148C
244764
867363
670768
457776
654390
71940G
195642
392250
375871
46604H
703559
52654M
37955J
130138
195674
638044
05574N
293982
57190P
86186N
769135
359536
69583Q
670839
03839B
52465R
073902
84476R
244878
113809
89388T
294037
769178
359590
900262
294056
130219
900273
539830
883901
670923
212180
228569
802012
92847M
457956
012041
720104
457968
457971
62872G
14310Q
736506
457982
78004V
020047
933131
933132
670989
76645P
720169
05339P
029268
490807
867648
011649
572762
020039
261471
671075
458104
884094
802176
802177
80691Z
60067T
458140
027722
71361E
458150
46033D
916906
884138
64116A
023120
228787
146875
54269Q
441796
74005P
29159V
86201R
441815
359894
046854
073051
57647N
261597
769507
47719P
74988X
540137
71940L
053807
45767J
59160P
949746
785905
835061
867830
75884Q
294408
294409
04338D
589331
54042L
278058
589354
03015R
867884
44458Z
00750X
802360
33848P
130630
867914
507467
114259
06247T
50025Q
35659P
14071R
867926
884315
769627
867933
212577
212578
064860
23171M
68628K
638585
638588
63934E
37246W
638595
94856P
70978E
66777E
87925R
89149V
671400
00228E
59000K
21868G
32019Q
056044
60645K
030383
032672
655053
83689P
868057
818905
14055J
45766M
31732Y
147184
58449S
030732
261879
737031
163596
589580
030789
917272
00753Q
04269W
163616
75952U
589601
704292
917285
45853L
294703
343856
442161
769841
65334N
76009V
36203C
933692
868157
343871
704326
G3900X
917318
704327
589643
589644
360271
917327
720722
032095
294741
835415
45631G
835420
491359
393059
63865Q
01912P
41145C
016903
196469
229241
92657V
163722
114577
68272R
294804
262044
026042
G3242A
655286
65473P
475070
475087
966612
00079H
868316
950240
950241
29977A
88633M
82934Q
068055
03939B
74375M
32043A
147448
74157H
458747
786429
